[PAD]
[SEP]
[CLS]
[UNK]
[MASK]
0
1
10
101
102
103
104
105
106
107
108
109
11
110
111
112
113
114
115
116
117
118
119
12
120
121
122
123
124
125
126
127
128
129
13
130
131
132
133
134
135
136
137
138
139
14
140
141
142
143
144
145
146
147
148
149
15
150
151
152
153
154
155
156
157
158
159
16
160
161
162
163
164
165
166
167
168
169
17
170
171
172
18
19
2
20
21
22
23
24
25
26
27
29
3
33
4
5
56
57
58
59
6
60
61
62
63
64
65
66
67
68
69
7
70
71
72
73
74
75
76
77
78
79
8
81
82
83
84
85
86
87
88
89
9
90
91
92
93
94
95
96